INSERT INTO GENEROS_PELICULAS_SERIES (ID_PS, ID_GENERO) VALUES
(1, 878), (1, 28), (1, 12),
(2, 27), (2, 53), (2, 9648),
(3, 18), (3, 28), (3, 27),
(4, 16), (4, 878), (4, 10751),
(5, 28), (5, 12), (5, 18),
(6, 28), (6, 35), (6, 878),
(7, 18), (7, 27), (7, 878),
(8, 16), (8, 878), (8, 12), (8, 10751),
(9, 28), (9, 35), (9, 14),
(10, 878), (10, 27),
(11, 28), (11, 53),
(12, 28), (12, 27), (12, 53), (12, 878),
(13, 28), (13, 53),
(14, 28), (14, 12), (14, 18), (14, 36), (14, 10749), (14, 53),
(15, 16), (15, 10751), (15, 35), (15, 28),
(16, 16), (16, 10751), (16, 12), (16, 35), (16, 18),
(17, 878), (17, 28),
(18, 53), (18, 12), (18, 28), (18, 878),
(19, 878), (19, 28), (19, 12),
(20, 28), (20, 10749), (20, 18),
(21, 27), (21, 53),
(22, 18), (22, 80), (22, 53),
(23, 28), (23, 53), (23, 80),
(24, 28), (24, 53),
(25, 28), (25, 53),
(26, 18), (26, 10749),
(27, 16), (27, 10751), (27, 35), (27, 27),
(28, 28), (28, 27), (28, 53),
(29, 28), (29, 18), (29, 12),
(30, 18),
(31, 27), (31, 53),
(32, 18), (32, 14), (32, 10749),
(33, 27),
(34, 27), (34, 9648),
(35, 28), (35, 35),
(36, 35), (36, 18),
(37, 35), (37, 14), (37, 27),
(38, 878), (38, 27),
(39, 18), (39, 9648), (39, 27),
(40, 16), (40, 35), (40, 10751), (40, 14),
(41, 16), (41, 12), (41, 10751), (41, 35),
(42, 27), (42, 53),
(43, 10749), (43, 18),
(44, 28), (44, 14), (44, 27),
(45, 53), (45, 27),
(46, 27), (46, 9648),
(47, 18),
(48, 27), (48, 878), (48, 53),
(49, 16), (49, 28), (49, 12), (49, 878),
(50, 16), (50, 14), (50, 12),
(51, 28), (51, 18), (51, 53),
(52, 27), (52, 53),
(53, 28), (53, 35), (53, 80),
(54, 10749), (54, 18),
(55, 10749),
(56, 10770), (56, 10751), (56, 35), (56, 27), (56, 16),
(57, 10749), (57, 35), (57, 10770),
(58, 10752),
(59, 28), (59, 53), (59, 27), (59, 878),
(60, 28), (60, 878),
(61, 28), (61, 80), (61, 53),
(62, 878), (62, 18),
(63, 80), (63, 28),
(64, 28), (64, 12), (64, 16), (64, 10751), (64, 14),
(65, 16), (65, 35), (65, 10751), (65, 12), (65, 28),
(66, 28), (66, 878), (66, 53),
(67, 27), (67, 18),
(68, 35), (68, 14), (68, 10751),
(69, 16), (69, 10751), (69, 14), (69, 28),
(70, 10749), (70, 18),
(71, 16), (71, 18),
(72, 27), (72, 878), (72, 53),
(73, 18), (73, 36),
(74, 18), (74, 10749),
(75, 878), (75, 12), (75, 28),
(76, 18), (76, 10749),
(77, 27), (77, 53),
(78, 28),
(79, 27), (79, 53),
(80, 878), (80, 27), (80, 53),
(81, 10749), (81, 18),
(82, 53), (82, 28),
(83, 10749), (83, 14), (83, 16),
(84, 28), (84, 878), (84, 35),
(85, 18), (85, 10749),
(86, 80), (86, 53), (86, 28),
(87, 28), (87, 878), (87, 12),
(88, 28), (88, 12), (88, 53), (88, 80),
(89, 16), (89, 28), (89, 12), (89, 35), (89, 10751),
(90, 16), (90, 35),
(91, 10751), (91, 16), (91, 10402), (91, 12),
(92, 28), (92, 12), (92, 878),
(93, 10751), (93, 12), (93, 14), (93, 35),
(94, 18),
(95, 80), (95, 28),
(96, 878), (96, 53), (96, 27),
(97, 18),
(98, 28), (98, 53), (98, 80),
(99, 14), (99, 27), (99, 28),
(100, 53),
(101, 28), (101, 53),
(102, 28), (102, 12), (102, 878),
(103, 10749),
(104, 27),
(105, 12), (105, 28), (105, 878),
(106, 27), (106, 9648), (106, 878),
(107, 53), (107, 28),
(108, 28), (108, 80), (108, 53),
(109, 18), (109, 80),
(110, 14), (110, 12), (110, 10751), (110, 35),
(111, 12), (111, 14),
(112, 10749), (112, 18),
(113, 16), (113, 12), (113, 35), (113, 10751),
(114, 28), (114, 18), (114, 36),
(115, 28), (115, 80), (115, 53), (115, 18),
(116, 27), (116, 53),
(117, 16), (117, 10751), (117, 35), (117, 10402), (117, 10770),
(118, 27), (118, 53),
(119, 28), (119, 35), (119, 80),
(120, 28), (120, 80), (120, 53),
(121, 10749), (121, 18), (121, 35),
(122, 16), (122, 28), (122, 12), (122, 878),
(123, 12), (123, 14), (123, 28),
(124, 27),
(125, 27), (125, 9648),
(126, 27), (126, 53),
(127, 18), (127, 9648), (127, 53), (127, 14), (127, 37),
(128, 12), (128, 10402),
(129, 878), (129, 12), (129, 28),
(130, 878), (130, 12),
(131, 18), (131, 80),
(132, 28), (132, 12), (132, 35), (132, 10751), (132, 878),
(133, 12), (133, 18), (133, 878),
(134, 16), (134, 35), (134, 12), (134, 10751),
(135, 28), (135, 18),
(136, 878), (136, 53), (136, 27),
(137, 28), (137, 53), (137, 27),
(138, 16), (138, 10751), (138, 12), (138, 14), (138, 35),
(139, 10752), (139, 28), (139, 18),
(140, 27), (140, 53), (140, 28),
(141, 878), (141, 12), (141, 28),
(142, 10749), (142, 18), (142, 35),
(143, 16), (143, 35), (143, 10751), (143, 14),
(144, 16), (144, 10751), (144, 12), (144, 18), (144, 35),
(145, 28), (145, 53), (145, 80),
(146, 16), (146, 18), (146, 10749), (146, 14),
(147, 16), (147, 35), (147, 878),
(148, 878), (148, 53), (148, 27),
(149, 28), (149, 18),
(150, 27), (150, 9648), (150, 36),
(151, 80), (151, 9648), (151, 53),
(152, 80), (152, 28), (152, 53),
(153, 35), (153, 28), (153, 80),
(154, 35), (154, 10751), (154, 12),
(155, 18), (155, 28), (155, 80), (155, 53),
(156, 10749), (156, 18), (156, 35),
(157, 28), (157, 80), (157, 18), (157, 53),
(158, 18), (158, 10749), (158, 53),
(159, 18), (159, 10749), (159, 35),
(160, 28), (160, 12), (160, 14),
(161, 28), (161, 9648), (161, 878), (161, 53),
(162, 18), (162, 10749),
(163, 28), (163, 18),
(164, 80), (164, 53), (164, 18),
(165, 16), (165, 12), (165, 14), (165, 35), (165, 10751),
(166, 28), (166, 12), (166, 16), (166, 14),
(167, 28), (167, 12), (167, 53),
(168, 28), (168, 12), (168, 14),
(169, 28), (169, 35), (169, 80),
(170, 35), (170, 53), (170, 18),
(171, 16), (171, 10751), (171, 14),
(172, 12), (172, 14), (172, 28),
(173, 14), (173, 16), (173, 10751),
(174, 18), (174, 10749),
(175, 16), (175, 10751), (175, 14), (175, 12),
(176, 16), (176, 12), (176, 28), (176, 14), (176, 10751),
(177, 28), (177, 12),
(178, 18), (178, 53),
(179, 16), (179, 35), (179, 10751), (179, 14), (179, 10749),
(180, 27), (180, 18),
(181, 12), (181, 14), (181, 9648), (181, 27),
(182, 35), (182, 18),
(183, 28), (183, 12), (183, 10751), (183, 35),
(184, 18), (184, 10770),
(185, 12), (185, 14), (185, 28),
(186, 12), (186, 14),
(187, 16), (187, 35), (187, 14), (187, 12), (187, 10751),
(188, 18), (188, 10749),
(189, 28), (189, 12), (189, 80), (189, 53),
(190, 27), (190, 53), (190, 18),
(191, 27), (191, 9648),
(192, 16), (192, 12), (192, 28), (192, 14),
(193, 35), (193, 12),
(194, 16), (194, 10751), (194, 35), (194, 14),
(195, 35), (195, 18),
(196, 18),
(197, 878), (197, 12), (197, 28),
(198, 18), (198, 35),
(199, 12), (199, 14),
(200, 10751), (200, 16), (200, 18),
(201, 28), (201, 80), (201, 53),
(202, 27), (202, 53), (202, 28),
(203, 12), (203, 10751), (203, 14),
(204, 35),
(205, 16), (205, 28), (205, 18),
(206, 28), (206, 53),
(207, 12), (207, 10751), (207, 18),
(208, 35), (208, 10751), (208, 14),
(209, 18),
(210, 27), (210, 878), (210, 53),
(211, 35), (211, 878), (211, 28),
(212, 12), (212, 14),
(213, 12), (213, 10751), (213, 16), (213, 28), (213, 35),
(214, 28), (214, 35), (214, 10752),
(215, 28), (215, 53), (215, 14),
(216, 16), (216, 35), (216, 10751), (216, 14),
(217, 18), (217, 10749),
(218, 18),
(219, 18), (219, 10749),
(220, 9648), (220, 53), (220, 27),
(221, 18), (221, 36),
(222, 10749), (222, 18),
(223, 35),
(224, 35), (224, 80),
(225, 28), (225, 35),
(226, 28), (226, 12), (226, 35),
(227, 12), (227, 35), (227, 14), (227, 28),
(228, 10751), (228, 35), (228, 14),
(229, 27), (229, 878), (229, 53),
(230, 16), (230, 12), (230, 14), (230, 10751), (230, 18),
(231, 878), (231, 12),
(232, 53), (232, 28),
(233, 16), (233, 10751), (233, 12), (233, 14),
(234, 12), (234, 14),
(235, 27), (235, 53),
(236, 80), (236, 28), (236, 53),
(237, 16), (237, 10751), (237, 14),
(238, 10749),
(239, 35), (239, 10749),
(240, 14), (240, 12),
(241, 10749), (241, 18), (241, 35),
(242, 12), (242, 14), (242, 28),
(243, 53), (243, 80),
(244, 10752), (244, 18), (244, 28),
(245, 878), (245, 28), (245, 12),
(246, 878), (246, 28), (246, 53), (246, 12),
(247, 27), (247, 53),
(248, 27), (248, 878),
(249, 12), (249, 10751), (249, 14), (249, 10749),
(250, 28), (250, 12), (250, 14),
(251, 28), (251, 12), (251, 14), (251, 878),
(252, 12), (252, 14),
(253, 18), (253, 53), (253, 27),
(254, 28), (254, 53), (254, 80),
(255, 27), (255, 9648),
(256, 878), (256, 12), (256, 28),
(257, 80), (257, 18), (257, 35),
(258, 878), (258, 18),
(259, 12), (259, 878), (259, 28),
(260, 18),
(261, 27),
(262, 10749), (262, 35),
(263, 16), (263, 28), (263, 12), (263, 14), (263, 878),
(264, 28), (264, 18), (264, 10749),
(265, 16), (265, 35), (265, 10751),
(266, 16), (266, 12), (266, 10751), (266, 35),
(267, 28), (267, 18), (267, 27), (267, 53),
(268, 18), (268, 36), (268, 10752),
(269, 27), (269, 53),
(270, 16), (270, 878), (270, 28),
(271, 9648), (271, 53), (271, 18),
(272, 28), (272, 35),
(273, 10749), (273, 35),
(274, 27), (274, 35),
(275, 16), (275, 12), (275, 35), (275, 10751),
(276, 12), (276, 18), (276, 10751),
(277, 16), (277, 10751),
(278, 35),
(279, 27), (279, 53),
(280, 16), (280, 35), (280, 28),
(281, 28), (281, 35), (281, 10749),
(282, 27), (282, 9648), (282, 53),
(283, 16), (283, 10749), (283, 18),
(284, 35),
(285, 12), (285, 28), (285, 14),
(286, 878), (286, 27), (286, 28),
(287, 16), (287, 35), (287, 10751), (287, 14),
(288, 16), (288, 12), (288, 10751), (288, 35),
(289, 80), (289, 27), (289, 53),
(290, 28), (290, 35), (290, 80),
(291, 18), (291, 10749),
(292, 16), (292, 10751), (292, 35), (292, 14), (292, 12), (292, 10749),
(293, 28), (293, 878), (293, 27),
(294, 12), (294, 14),
(295, 14), (295, 28), (295, 12),
(296, 10749), (296, 35),
(297, 10749), (297, 18),
(298, 12), (298, 14), (298, 28),
(299, 80), (299, 9648), (299, 53),
(300, 10749), (300, 14), (300, 10751), (300, 18),
(301, 14), (301, 35), (301, 10751), (301, 10749),
(302, 16), (302, 28), (302, 12), (302, 878),
(303, 99), (303, 36),
(304, 80), (304, 28), (304, 53), (304, 18),
(305, 18),
(306, 28), (306, 35),
(307, 53), (307, 80),
(308, 35),
(309, 16), (309, 10751),
(310, 16), (310, 35), (310, 10751), (310, 12),
(311, 27), (311, 53),
(312, 27),
(313, 35),
(314, 12), (314, 14), (314, 28),
(315, 28), (315, 878), (315, 12),
(316, 28), (316, 878), (316, 12),
(317, 80), (317, 53),
(318, 28), (318, 878),
(319, 27),
(320, 28), (320, 12), (320, 878),
(321, 53), (321, 27), (321, 28),
(322, 12), (322, 28), (322, 878),
(323, 28), (323, 12), (323, 878),
(324, 10770), (324, 35), (324, 10749), (324, 18),
(325, 16), (325, 10751), (325, 10402), (325, 35),
(326, 14), (326, 35),
(327, 28), (327, 80), (327, 18),
(328, 35), (328, 18),
(329, 27), (329, 35),
(330, 28), (330, 12), (330, 53),
(331, 18), (331, 80),
(332, 12), (332, 35), (332, 10751), (332, 14),
(333, 27), (333, 53),
(334, 18), (334, 27),
(335, 28), (335, 12), (335, 878), (335, 18),
(336, 53), (336, 28), (336, 80),
(337, 28), (337, 12), (337, 53),
(338, 28), (338, 53),
(339, 878), (339, 28), (339, 14), (339, 12),
(340, 14), (340, 18), (340, 10749),
(341, 27), (341, 9648),
(342, 18),
(343, 18), (343, 35),
(344, 27),
(345, 28), (345, 53),
(346, 18), (346, 10749),
(347, 878), (347, 28), (347, 12),
(348, 27), (348, 53),
(349, 18),
(350, 27), (350, 28), (350, 14), (350, 53),
(351, 35),
(352, 80), (352, 18), (352, 53),
(353, 12), (353, 10751),
(354, 10749), (354, 18),
(355, 35), (355, 18), (355, 10749),
(356, 28),
(357, 12), (357, 36), (357, 10752),
(358, 16), (358, 35), (358, 10751), (358, 12), (358, 14),
(359, 53), (359, 28),
(360, 16), (360, 12), (360, 10751), (360, 14),
(361, 99), (361, 10402),
(362, 18),
(363, 18), (363, 27), (363, 53),
(364, 14), (364, 12), (364, 16), (364, 10751),
(365, 28), (365, 80), (365, 18),
(366, 16), (366, 10749), (366, 14), (366, 10751),
(367, 28), (367, 12), (367, 16), (367, 10751),
(368, 28), (368, 53), (368, 80),
(369, 37),
(370, 16), (370, 10751), (370, 28), (370, 878), (370, 35), (370, 18), (370, 12),
(371, 35),
(372, 28), (372, 16), (372, 14), (372, 878),
(373, 28), (373, 35), (373, 80),
(374, 27), (374, 9648),
(375, 35), (375, 18),
(376, 10749), (376, 18),
(377, 28), (377, 53),
(378, 10749), (378, 18),
(379, 12), (379, 14), (379, 28),
(380, 28), (380, 12), (380, 878),
(381, 10751), (381, 14), (381, 10749),
(382, 27), (382, 80), (382, 53),
(383, 18), (383, 36), (383, 10752),
(384, 12), (384, 16), (384, 35), (384, 10751), (384, 14),
(385, 12), (385, 28), (385, 878),
(386, 36), (386, 18), (386, 53), (386, 10752),
(387, 18), (387, 10749),
(388, 12), (388, 14), (388, 18), (388, 10749),
(389, 18), (389, 80),
(390, 28), (390, 35), (390, 12),
(391, 878), (391, 28),
(392, 27),
(393, 10749), (393, 18),
(394, 28), (394, 36),
(395, 878), (395, 12), (395, 53),
(396, 27), (396, 53),
(397, 16), (397, 35), (397, 878),
(398, 28), (398, 12), (398, 878),
(399, 16), (399, 35), (399, 10751), (399, 12),
(400, 28), (400, 53),
(401, 878), (401, 10749), (401, 35),
(402, 28), (402, 12), (402, 878),
(403, 28), (403, 80), (403, 35), (403, 53),
(404, 27),
(405, 28), (405, 53),
(406, 16), (406, 35), (406, 10751), (406, 12),
(407, 16), (407, 35), (407, 12), (407, 28),
(408, 18), (408, 10749),
(409, 28), (409, 27), (409, 878), (409, 53),
(410, 18), (410, 10749),
(411, 35), (411, 18),
(412, 28), (412, 10752), (412, 53),
(413, 53), (413, 28), (413, 878),
(414, 10749), (414, 18),
(415, 28), (415, 12), (415, 878),
(416, 28), (416, 80), (416, 53),
(417, 28), (417, 878), (417, 18),
(418, 878), (418, 18), (418, 10749),
(419, 18), (419, 10749),
(420, 16), (420, 10751), (420, 35), (420, 14),
(421, 35), (421, 12), (421, 14), (421, 16), (421, 10751),
(422, 14), (422, 28), (422, 12),
(423, 35), (423, 27),
(424, 28), (424, 53),
(425, 35),
(426, 28), (426, 35), (426, 12),
(427, 10751), (427, 35),
(428, 14), (428, 18), (428, 80),
(429, 36), (429, 18), (429, 10752),
(430, 28), (430, 14), (430, 10752),
(431, 28), (431, 53), (431, 80),
(432, 53), (432, 9648), (432, 18), (432, 878),
(433, 18), (433, 878), (433, 28),
(434, 14), (434, 12), (434, 16), (434, 35), (434, 10751),
(435, 12), (435, 28), (435, 878),
(436, 16), (436, 10751), (436, 35),
(437, 27), (437, 53),
(438, 80), (438, 27), (438, 9648),
(439, 28), (439, 12), (439, 878),
(440, 16), (440, 14), (440, 28), (440, 10749), (440, 10751),
(441, 28), (441, 80), (441, 18), (441, 53),
(442, 35), (442, 10749), (442, 80),
(443, 12), (443, 28), (443, 878),
(444, 16), (444, 10751), (444, 14),
(445, 28), (445, 53), (445, 878),
(446, 27), (446, 53),
(447, 28),
(448, 27), (448, 9648), (448, 53),
(449, 28), (449, 878),
(450, 14), (450, 28), (450, 35),
(451, 10751), (451, 14), (451, 12),
(452, 12), (452, 35), (452, 878),
(453, 16), (453, 28), (453, 14), (453, 53),
(454, 35), (454, 14),
(455, 16), (455, 35),
(456, 18),
(457, 16), (457, 35), (457, 10751),
(458, 27),
(459, 12), (459, 28), (459, 878),
(460, 10751), (460, 16), (460, 12), (460, 35), (460, 14),
(461, 18), (461, 53),
(462, 18), (462, 878), (462, 53),
(463, 37), (463, 18),
(464, 12), (464, 35), (464, 10751), (464, 14),
(465, 28), (465, 53), (465, 878),
(466, 28), (466, 14),
(467, 27), (467, 18), (467, 14),
(468, 35), (468, 10749),
(469, 28), (469, 12), (469, 14),
(470, 28), (470, 12), (470, 878),
(471, 80), (471, 36), (471, 18),
(472, 10751), (472, 12), (472, 16), (472, 28),
(473, 35), (473, 27),
(474, 35),
(475, 14), (475, 16), (475, 12),
(476, 10749), (476, 35), (476, 18),
(477, 36), (477, 10752), (477, 10749), (477, 18),
(478, 10752), (478, 28), (478, 18),
(479, 10749),
(480, 28), (480, 18),
(481, 28), (481, 878), (481, 53),
(482, 28),
(483, 53), (483, 80), (483, 18),
(484, 18), (484, 10751),
(485, 80), (485, 28), (485, 53),
(486, 27), (486, 53),
(487, 28), (487, 80), (487, 18),
(488, 16), (488, 18),
(489, 12), (489, 14), (489, 10749),
(490, 28), (490, 878), (490, 12),
(491, 28), (491, 53), (491, 12),
(492, 28), (492, 12), (492, 878),
(493, 10749), (493, 18), (493, 35),
(494, 16), (494, 10751), (494, 12), (494, 35),
(495, 18), (495, 10749),
(496, 28), (496, 35), (496, 10749),
(497, 28), (497, 53), (497, 80), (497, 18),
(498, 16), (498, 10751),
(499, 27), (499, 18), (499, 878),
(500, 10749), (500, 35), (500, 18),
(501, 80), (501, 18), (501, 28),
(502, 28), (502, 18), (502, 878),
(503, 27), (503, 9648), (503, 53),
(504, 18), (504, 53), (504, 9648),
(505, 27), (505, 53),
(506, 10749), (506, 18), (506, 35),
(507, 28), (507, 878), (507, 35), (507, 10751),
(508, 28),
(509, 12), (509, 10751),
(510, 53), (510, 27),
(511, 27), (511, 14), (511, 10752), (511, 18),
(512, 14), (512, 12),
(513, 12), (513, 14), (513, 18), (513, 10749),
(514, 18),
(515, 14), (515, 35), (515, 10751),
(516, 16), (516, 10751), (516, 12),
(517, 16), (517, 10751), (517, 10402), (517, 14), (517, 35),
(518, 80), (518, 53), (518, 28),
(519, 27),
(520, 16), (520, 18), (520, 35), (520, 10749),
(521, 28), (521, 12), (521, 16), (521, 10751), (521, 35),
(522, 878), (522, 28),
(523, 28), (523, 12), (523, 80),
(524, 28), (524, 12), (524, 878),
(525, 18), (525, 27),
(526, 16), (526, 35), (526, 10751), (526, 12),
(527, 18), (527, 28),
(528, 28), (528, 12), (528, 14),
(529, 27), (529, 53),
(530, 10749), (530, 35),
(531, 80), (531, 18), (531, 53),
(532, 12), (532, 14), (532, 10751),
(533, 0),
(534, 28), (534, 12), (534, 878),
(535, 27),
(536, 16), (536, 35), (536, 10751), (536, 10402),
(537, 28), (537, 12), (537, 878),
(538, 18), (538, 10749),
(539, 14), (539, 28), (539, 27),
(540, 10749), (540, 18),
(541, 28), (541, 53), (541, 80),
(542, 878), (542, 28), (542, 12), (542, 35),
(543, 35), (543, 10751), (543, 10749),
(544, 35), (544, 10749),
(545, 16), (545, 12), (545, 28), (545, 14),
(546, 35), (546, 18), (546, 10751),
(547, 28), (547, 12), (547, 35),
(548, 28), (548, 12), (548, 14),
(549, 10751), (549, 16), (549, 12), (549, 35),
(550, 16), (550, 10751), (550, 12),
(551, 28), (551, 53), (551, 12),
(552, 28), (552, 12), (552, 878),
(553, 16), (553, 878),
(554, 18), (554, 28),
(555, 27),
(556, 28), (556, 53), (556, 878),
(557, 53), (557, 28),
(558, 16), (558, 10751), (558, 878),
(559, 18),
(560, 28), (560, 878), (560, 12),
(561, 27), (561, 18),
(562, 878), (562, 27), (562, 53),
(563, 28), (563, 12), (563, 878),
(564, 10751), (564, 878),
(565, 35), (565, 10749),
(566, 10752), (566, 28), (566, 53),
(567, 10751), (567, 14), (567, 16), (567, 10749),
(568, 10749), (568, 10751), (568, 16), (568, 14),
(569, 27),
(570, 18), (570, 53), (570, 10752),
(571, 35), (571, 18), (571, 10749),
(572, 16), (572, 10751),
(573, 80), (573, 35), (573, 28),
(574, 10749), (574, 18),
(575, 14), (575, 18), (575, 10749),
(576, 53), (576, 9648), (576, 18), (576, 80),
(577, 28), (577, 53), (577, 80),
(578, 53), (578, 18),
(579, 35), (579, 18), (579, 10749),
(580, 35),
(581, 12), (581, 28), (581, 14),
(582, 27), (582, 53),
(583, 16), (583, 10751), (583, 14),
(584, 18), (584, 36),
(585, 14), (585, 12), (585, 35),
(586, 28),
(587, 18), (587, 10749),
(588, 28), (588, 12), (588, 10752),
(589, 18), (589, 35),
(590, 878), (590, 12), (590, 28),
(591, 12), (591, 27),
(592, 27), (592, 28), (592, 18),
(593, 28), (593, 12), (593, 16), (593, 10751),
(594, 16), (594, 14), (594, 28),
(595, 35), (595, 10749),
(596, 28), (596, 80), (596, 53),
(597, 16), (597, 10751), (597, 12), (597, 14), (597, 35),
(598, 10751), (598, 16), (598, 12), (598, 35),
(599, 18), (599, 53), (599, 80),
(600, 53), (600, 18), (600, 10749),
(601, 16), (601, 12), (601, 35), (601, 14),
(602, 18), (602, 10402),
(603, 16), (603, 10751), (603, 35),
(604, 878), (604, 28), (604, 12), (604, 53),
(605, 18), (605, 878), (605, 10752),
(606, 35), (606, 10751), (606, 12),
(607, 16), (607, 12), (607, 35), (607, 10751), (607, 14),
(608, 53), (608, 18), (608, 28), (608, 80),
(609, 28), (609, 878), (609, 53),
(610, 35), (610, 28), (610, 80),
(611, 28), (611, 35), (611, 878),
(612, 18), (612, 10749),
(613, 10749), (613, 18),
(614, 16), (614, 10751), (614, 14), (614, 28), (614, 12),
(615, 12), (615, 28), (615, 18),
(616, 18), (616, 10749),
(617, 53), (617, 28), (617, 80),
(618, 27), (618, 18), (618, 14),
(619, 35), (619, 27), (619, 10749),
(620, 878), (620, 28), (620, 18), (620, 53),
(621, 28), (621, 12), (621, 18), (621, 10751),
(622, 35), (622, 18),
(623, 16), (623, 35), (623, 12), (623, 10751),
(624, 53), (624, 27),
(625, 28), (625, 53),
(626, 28), (626, 35), (626, 53),
(627, 27), (627, 53),
(628, 28), (628, 10749), (628, 16),
(629, 35), (629, 80), (629, 10751), (629, 12),
(630, 16), (630, 10751), (630, 14),
(631, 14), (631, 12), (631, 28),
(632, 28), (632, 878),
(633, 18), (633, 37),
(634, 14), (634, 12),
(635, 28), (635, 35), (635, 12),
(636, 28), (636, 35), (636, 80),
(637, 12), (637, 14), (637, 18), (637, 10749),
(638, 28), (638, 53),
(639, 80), (639, 18), (639, 53),
(640, 18), (640, 36),
(641, 27), (641, 53),
(642, 27), (642, 9648), (642, 53),
(643, 18), (643, 10752), (643, 36),
(644, 12), (644, 10751),
(645, 27),
(646, 9648), (646, 53), (646, 27),
(647, 99),
(648, 10751), (648, 16), (648, 12), (648, 35),
(649, 12), (649, 28),
(650, 28),
(651, 18), (651, 80),
(652, 28), (652, 18),
(653, 18),
(654, 16), (654, 35), (654, 12), (654, 10751),
(655, 28), (655, 12),
(656, 35), (656, 80),
(657, 14), (657, 28), (657, 12), (657, 16), (657, 35), (657, 10751),
(658, 16), (658, 35), (658, 10751),
(659, 35),
(660, 18), (660, 9648), (660, 878),
(661, 27), (661, 9648), (661, 53),
(662, 27),
(663, 28), (663, 53),
(664, 16), (664, 35), (664, 10751),
(665, 35), (665, 12), (665, 878),
(666, 16), (666, 35),
(667, 16), (667, 878), (667, 28),
(668, 27), (668, 9648), (668, 53),
(669, 18), (669, 10770),
(670, 16), (670, 10751), (670, 12), (670, 14), (670, 10749),
(671, 80), (671, 18), (671, 53),
(672, 12), (672, 28),
(673, 27), (673, 53),
(674, 28), (674, 12), (674, 878),
(675, 12), (675, 28),
(676, 28), (676, 12), (676, 16), (676, 35), (676, 10751),
(677, 12), (677, 28), (677, 14),
(678, 35),
(679, 35), (679, 18),
(680, 12), (680, 28), (680, 878),
(681, 16), (681, 10402), (681, 27), (681, 35),
(682, 35), (682, 10749),
(683, 35), (683, 18),
(684, 18), (684, 9648), (684, 53),
(685, 18), (685, 10749),
(686, 14), (686, 16), (686, 10751),
(687, 80), (687, 28),
(688, 10749), (688, 18), (688, 35),
(689, 18), (689, 10749), (689, 14),
(690, 35), (690, 18), (690, 10749), (690, 10402),
(691, 35), (691, 10749),
(692, 27),
(693, 10749),
(694, 10749), (694, 35),
(695, 10752), (695, 28),
(696, 18),
(697, 18),
(698, 18), (698, 35),
(699, 27), (699, 35),
(700, 16), (700, 35), (700, 14), (700, 12), (700, 10751),
(701, 14), (701, 12), (701, 10751),
(702, 12), (702, 28), (702, 878),
(703, 16), (703, 12), (703, 35), (703, 10751),
(704, 16), (704, 10751), (704, 14), (704, 12), (704, 35), (704, 10749),
(705, 12), (705, 14), (705, 35),
(706, 27), (706, 10752), (706, 878),
(707, 10749), (707, 18), (707, 35),
(708, 28), (708, 35), (708, 14),
(709, 27), (709, 53),
(710, 28), (710, 35), (710, 53),
(711, 28), (711, 12), (711, 878), (711, 53),
(712, 18), (712, 28), (712, 12), (712, 36), (712, 10752),
(713, 878), (713, 18), (713, 53),
(714, 18), (714, 10749), (714, 10770),
(715, 35), (715, 18), (715, 10749),
(716, 27),
(717, 35),
(718, 28), (718, 12), (718, 878),
(719, 878), (719, 18),
(720, 16), (720, 12), (720, 35), (720, 10751), (720, 28), (720, 14),
(721, 28), (721, 12), (721, 878),
(722, 16), (722, 12), (722, 10751), (722, 14),
(723, 16), (723, 35), (723, 12), (723, 10751),
(724, 878), (724, 28), (724, 80),
(725, 28), (725, 9648), (725, 53), (725, 878),
(726, 16), (726, 28),
(727, 878), (727, 18),
(728, 878), (728, 28), (728, 12),
(729, 28), (729, 878),
(730, 35), (730, 28), (730, 14),
(731, 16), (731, 10751), (731, 14), (731, 28), (731, 12),
(732, 28), (732, 18), (732, 36),
(733, 14), (733, 12), (733, 28), (733, 10751), (733, 10749),
(734, 16), (734, 10402), (734, 99),
(735, 28), (735, 53), (735, 878),
(736, 35), (736, 9648), (736, 878),
(737, 27),
(738, 10751), (738, 14), (738, 12), (738, 28),
(739, 16), (739, 10751), (739, 35), (739, 14),
(740, 28), (740, 80), (740, 53),
(741, 18), (741, 27), (741, 14), (741, 35),
(742, 10752), (742, 18),
(743, 18), (743, 10752), (743, 28),
(744, 27), (744, 53),
(745, 16), (745, 10751), (745, 35), (745, 14),
(746, 12), (746, 28), (746, 53),
(747, 28), (747, 27), (747, 53),
(748, 10749), (748, 80), (748, 53),
(749, 28), (749, 53), (749, 80),
(750, 18), (750, 36),
(751, 18), (751, 36), (751, 10752),
(752, 28), (752, 80), (752, 53),
(753, 35), (753, 80), (753, 9648),
(754, 27),
(755, 18), (755, 28), (755, 53),
(756, 27), (756, 14),
(757, 35), (757, 80),
(758, 18),
(759, 28), (759, 12), (759, 878),
(760, 28), (760, 53), (760, 12),
(761, 35), (761, 27),
(762, 9648), (762, 27), (762, 53),
(763, 10749), (763, 35), (763, 18),
(764, 28), (764, 12),
(765, 18),
(766, 28),
(767, 16), (767, 35), (767, 10751), (767, 14),
(768, 12), (768, 28), (768, 878),
(769, 18), (769, 10749),
(770, 28), (770, 12), (770, 878),
(771, 28), (771, 80), (771, 18),
(772, 28),
(773, 18), (773, 53), (773, 80),
(774, 18),
(775, 18),
(776, 16), (776, 12), (776, 10751), (776, 35),
(777, 28), (777, 80), (777, 53),
(778, 10749), (778, 18),
(779, 18), (779, 10749),
(780, 16), (780, 28), (780, 14),
(781, 16), (781, 80), (781, 9648), (781, 28),
(782, 878), (782, 18), (782, 28), (782, 10752),
(783, 80), (783, 28), (783, 878),
(784, 14), (784, 12),
(785, 18), (785, 28), (785, 14), (785, 878),
(786, 14), (786, 35), (786, 12), (786, 18),
(787, 28), (787, 18), (787, 10752),
(788, 16), (788, 10751), (788, 35), (788, 12),
(789, 18), (789, 14), (789, 10749),
(790, 28), (790, 80),
(791, 18), (791, 10749),
(792, 27), (792, 18),
(793, 28), (793, 12), (793, 14),
(794, 35),
(795, 28), (795, 80), (795, 53),
(796, 28), (796, 53), (796, 35), (796, 18),
(797, 16), (797, 35), (797, 10751),
(798, 28), (798, 878), (798, 9648), (798, 53),
(799, 0),
(800, 878), (800, 28),
(801, 27), (801, 878), (801, 28),
(802, 35), (802, 10749),
(803, 18), (803, 28), (803, 36),
(804, 27), (804, 53),
(805, 27), (805, 35), (805, 14),
(806, 18),
(807, 80), (807, 18), (807, 10749),
(808, 12), (808, 18), (808, 10751),
(809, 28), (809, 12), (809, 878), (809, 53),
(810, 35),
(811, 16), (811, 10751), (811, 35),
(812, 28), (812, 878),
(813, 16), (813, 18), (813, 10751),
(814, 18), (814, 35),
(815, 18),
(816, 28), (816, 53), (816, 878),
(817, 35), (817, 14), (817, 10751),
(818, 0),
(819, 18), (819, 10751), (819, 14),
(820, 18), (820, 12), (820, 878),
(821, 12), (821, 28), (821, 53), (821, 878),
(822, 9648), (822, 53),
(823, 80), (823, 18), (823, 9648), (823, 53),
(824, 28), (824, 80), (824, 53),
(825, 10751), (825, 16), (825, 10749), (825, 14),
(826, 12), (826, 14), (826, 10751),
(827, 16), (827, 10751), (827, 35),
(828, 28), (828, 878), (828, 12),
(829, 10749),
(830, 53), (830, 35), (830, 18),
(831, 12), (831, 18), (831, 28),
(832, 28), (832, 12), (832, 878), (832, 14), (832, 18),
(833, 18), (833, 10749),
(834, 10749), (834, 35), (834, 80), (834, 14),
(835, 28), (835, 878), (835, 27),
(836, 28),
(837, 28), (837, 878),
(838, 28), (838, 35),
(839, 18), (839, 53),
(840, 28), (840, 18), (840, 53),
(841, 28), (841, 12), (841, 35),
(842, 878), (842, 12), (842, 9648),
(843, 18), (843, 10749),
(844, 28), (844, 18),
(845, 53), (845, 18),
(846, 10749), (846, 18),
(847, 10749), (847, 18),
(848, 28), (848, 18),
(849, 18), (849, 9648), (849, 10749),
(850, 16), (850, 28), (850, 878), (850, 18), (850, 14),
(851, 10749),
(852, 35),
(853, 10749), (853, 35),
(854, 878), (854, 35), (854, 28),
(855, 0),
(856, 28), (856, 80),
(857, 27), (857, 53),
(858, 35), (858, 18), (858, 53),
(859, 10749), (859, 18),
(860, 18),
(861, 35), (861, 12), (861, 10749),
(862, 878), (862, 28), (862, 53), (862, 12),
(863, 10751), (863, 16), (863, 35), (863, 12),
(864, 28), (864, 18), (864, 36), (864, 10752),
(865, 18), (865, 35),
(866, 10749), (866, 18),
(867, 16), (867, 12), (867, 35), (867, 10751), (867, 18), (867, 37), (867, 10749),
(868, 18),
(869, 10751), (869, 878), (869, 28), (869, 35),
(870, 16), (870, 878), (870, 28),
(871, 27), (871, 28), (871, 53),
(872, 14), (872, 18), (872, 10752),
(873, 12), (873, 16), (873, 10751), (873, 35),
(874, 878), (874, 28),
(875, 28),
(876, 18), (876, 27), (876, 80),
(877, 28), (877, 12), (877, 53),
(878, 28), (878, 12), (878, 878),
(879, 27), (879, 80), (879, 18), (879, 14),
(880, 16), (880, 35), (880, 10751),
(881, 18), (881, 10749),
(882, 0),
(883, 35), (883, 27),
(884, 18), (884, 9648),
(885, 878),
(886, 18), (886, 27),
(887, 16), (887, 35), (887, 10751), (887, 14),
(888, 16), (888, 28), (888, 14), (888, 53),
(889, 18), (889, 10749),
(890, 27), (890, 9648), (890, 53),
(891, 35), (891, 10749), (891, 18),
(892, 27), (892, 18), (892, 80),
(893, 16), (893, 12), (893, 35), (893, 10751),
(894, 16), (894, 35), (894, 10751),
(895, 27), (895, 9648), (895, 53),
(896, 28), (896, 80), (896, 53),
(897, 10751), (897, 12), (897, 16), (897, 18),
(898, 16), (898, 28), (898, 878),
(899, 16), (899, 10751), (899, 35), (899, 12),
(900, 12), (900, 28), (900, 878),
(901, 18), (901, 10749),
(902, 53), (902, 18), (902, 80),
(903, 18), (903, 10749),
(904, 28), (904, 12), (904, 878),
(905, 53), (905, 80),
(906, 28), (906, 18),
(907, 80), (907, 14), (907, 18),
(908, 53), (908, 18),
(909, 28), (909, 12), (909, 878), (909, 14),
(910, 12), (910, 28), (910, 878),
(911, 28), (911, 80), (911, 37), (911, 35), (911, 18),
(912, 28), (912, 12), (912, 35),
(913, 37), (913, 35), (913, 18),
(914, 53), (914, 28), (914, 14),
(915, 28), (915, 80),
(916, 10749), (916, 18),
(917, 18),
(918, 18),
(919, 16), (919, 878), (919, 28),
(920, 18), (920, 878), (920, 9648),
(921, 35), (921, 18), (921, 10749),
(922, 53), (922, 878), (922, 27),
(923, 10751), (923, 16), (923, 12), (923, 35),
(924, 53), (924, 28), (924, 27),
(925, 12), (925, 28), (925, 878),
(926, 35), (926, 10751), (926, 14),
(927, 53), (927, 18),
(928, 16), (928, 12), (928, 35), (928, 10751),
(929, 28), (929, 10752), (929, 12),
(930, 878), (930, 28), (930, 12), (930, 53),
(931, 12), (931, 16), (931, 10751),
(932, 878), (932, 28), (932, 12),
(933, 27), (933, 28),
(934, 12), (934, 14), (934, 28),
(935, 12), (935, 35), (935, 14),
(936, 28), (936, 12),
(937, 35),
(938, 27), (938, 9648), (938, 80),
(939, 18), (939, 10749), (939, 10752),
(940, 28), (940, 16), (940, 878),
(941, 27), (941, 53),
(942, 27), (942, 53),
(943, 28), (943, 878), (943, 12),
(944, 28), (944, 53),
(945, 10749), (945, 18), (945, 37),
(946, 27),
(947, 10749), (947, 18),
(948, 27), (948, 53),
(949, 27), (949, 9648), (949, 53),
(950, 28), (950, 53), (950, 878),
(951, 878), (951, 28), (951, 12),
(952, 35), (952, 10751), (952, 10749),
(953, 18),
(954, 12), (954, 16), (954, 35), (954, 10751),
(955, 878), (955, 28),
(956, 28), (956, 35), (956, 80), (956, 53),
(957, 28), (957, 12), (957, 53), (957, 10752),
(958, 10749), (958, 18), (958, 35),
(959, 18), (959, 10749),
(960, 18), (960, 10749),
(961, 12), (961, 28), (961, 14),
(962, 28), (962, 35), (962, 80),
(963, 12), (963, 16), (963, 35), (963, 10751),
(964, 10751), (964, 12), (964, 18), (964, 14),
(965, 14), (965, 28), (965, 878), (965, 53), (965, 27),
(966, 10749), (966, 18),
(967, 35),
(968, 35), (968, 10749), (968, 18),
(969, 16), (969, 14), (969, 10751),
(970, 18), (970, 35),
(971, 18), (971, 53), (971, 9648),
(972, 18), (972, 80),
(973, 18),
(974, 18), (974, 878), (974, 53),
(975, 53), (975, 80), (975, 10770),
(976, 28), (976, 12), (976, 53), (976, 10752),
(977, 28), (977, 878), (977, 14),
(978, 14), (978, 18), (978, 10749),
(979, 28), (979, 12),
(980, 16), (980, 10751), (980, 35), (980, 14), (980, 12),
(981, 16), (981, 18), (981, 35), (981, 878),
(982, 28), (982, 53), (982, 10770),
(983, 28), (983, 53), (983, 10752),
(984, 27), (984, 9648), (984, 878),
(985, 18), (985, 36),
(986, 28), (986, 18), (986, 53),
(987, 35),
(988, 27), (988, 18), (988, 9648),
(989, 10752), (989, 28), (989, 36), (989, 18),
(990, 18), (990, 10752),
(991, 12), (991, 10751), (991, 14),
(992, 878), (992, 9648), (992, 12),
(993, 35),
(994, 27), (994, 53), (994, 12),
(995, 10749), (995, 14), (995, 18),
(996, 18), (996, 28),
(997, 80), (997, 18), (997, 53),
(998, 16), (998, 35), (998, 28), (998, 878),
(999, 27), (999, 53), (999, 878),
(1000, 27), (1000, 53),
(1001, 10763),
(1002, 10766), (1002, 18), (1002, 35),
(1003, 18), (1003, 10765), (1003, 9648),
(1004, 10751), (1004, 35),
(1005, 10766), (1005, 18), (1005, 9648),
(1006, 18),
(1007, 18), (1007, 10765),
(1008, 10766), (1008, 18),
(1009, 18), (1009, 10751),
(1010, 18), (1010, 10751),
(1011, 10751), (1011, 35), (1011, 18),
(1012, 0),
(1013, 0),
(1014, 10766),
(1015, 10764),
(1016, 10764),
(1017, 35), (1017, 18), (1017, 10751), (1017, 10762), (1017, 10759),
(1018, 10764),
(1019, 10765), (1019, 18), (1019, 10759),
(1020, 18),
(1021, 18), (1021, 35),
(1022, 18),
(1023, 35), (1023, 18), (1023, 10751),
(1024, 10766),
(1025, 16), (1025, 10765), (1025, 10759), (1025, 9648),
(1026, 9648), (1026, 18), (1026, 10765),
(1027, 18), (1027, 10759),
(1028, 18), (1028, 10759),
(1029, 10764),
(1030, 80), (1030, 18),
(1031, 80), (1031, 18),
(1032, 10766),
(1033, 18), (1033, 10766),
(1034, 10766),
(1035, 37), (1035, 18),
(1036, 10762),
(1037, 10764),
(1038, 10764),
(1039, 10764),
(1040, 18),
(1041, 10764),
(1042, 10766), (1042, 18),
(1043, 18), (1043, 9648), (1043, 10766),
(1044, 10751), (1044, 35), (1044, 18),
(1045, 18),
(1046, 18), (1046, 10751), (1046, 35),
(1047, 10766),
(1048, 10759), (1048, 18), (1048, 10768), (1048, 10751),
(1049, 10766),
(1050, 10766), (1050, 18),
(1051, 10759), (1051, 18), (1051, 10765),
(1052, 10766), (1052, 18), (1052, 80),
(1053, 80), (1053, 18), (1053, 9648),
(1054, 10764),
(1055, 18),
(1056, 10763), (1056, 35),
(1057, 35), (1057, 18), (1057, 10751),
(1058, 10764), (1058, 10751),
(1059, 16), (1059, 10759), (1059, 35), (1059, 10765),
(1060, 10759), (1060, 18), (1060, 9648),
(1061, 10759), (1061, 18), (1061, 9648),
(1062, 10759), (1062, 18), (1062, 35),
(1063, 10759), (1063, 18),
(1064, 80), (1064, 18), (1064, 9648),
(1065, 10767),
(1066, 10766), (1066, 18),
(1067, 18), (1067, 80),
(1068, 16), (1068, 35),
(1069, 10759), (1069, 80), (1069, 18),
(1070, 18),
(1071, 35),
(1072, 18), (1072, 9648), (1072, 35),
(1073, 10764),
(1074, 10759), (1074, 18),
(1075, 80), (1075, 18), (1075, 10759),
(1076, 10764),
(1077, 18), (1077, 80),
(1078, 18),
(1079, 18), (1079, 9648), (1079, 10765),
(1080, 35), (1080, 18),
(1081, 10751), (1081, 18),
(1082, 0),
(1083, 10764),
(1084, 35), (1084, 80), (1084, 18), (1084, 9648),
(1085, 16), (1085, 35),
(1086, 18), (1086, 35),
(1087, 10759), (1087, 16), (1087, 10765), (1087, 10762),
(1088, 80), (1088, 18), (1088, 35),
(1089, 18), (1089, 10768),
(1090, 10767), (1090, 35),
(1091, 80), (1091, 18), (1091, 10759),
(1092, 10751), (1092, 16), (1092, 35),
(1093, 16), (1093, 10759), (1093, 35), (1093, 10765),
(1094, 10764),
(1095, 10764),
(1096, 10751), (1096, 35), (1096, 18),
(1097, 18),
(1098, 18), (1098, 9648), (1098, 10765),
(1099, 35), (1099, 10759), (1099, 10762), (1099, 16), (1099, 10751),
(1100, 35), (1100, 10767),
(1101, 16), (1101, 35), (1101, 10751), (1101, 10765),
(1102, 18), (1102, 10765),
(1103, 10759), (1103, 10765), (1103, 18),
(1104, 18), (1104, 80), (1104, 9648),
(1105, 80), (1105, 18), (1105, 9648),
(1106, 80), (1106, 10765),
(1107, 10764),
(1108, 80), (1108, 18),
(1109, 35),
(1110, 16), (1110, 35), (1110, 10765),
(1111, 18), (1111, 10751), (1111, 35),
(1112, 35),
(1113, 16), (1113, 10759), (1113, 18),
(1114, 16), (1114, 35), (1114, 10765), (1114, 10759),
(1115, 9648), (1115, 80),
(1116, 80), (1116, 18),
(1117, 18), (1117, 10765), (1117, 10759),
(1118, 80), (1118, 18), (1118, 9648),
(1119, 35), (1119, 18), (1119, 9648), (1119, 80),
(1120, 10763), (1120, 10767),
(1121, 35), (1121, 10767),
(1122, 10759), (1122, 35), (1122, 80),
(1123, 16), (1123, 10762),
(1124, 16), (1124, 35),
(1125, 10763), (1125, 10764), (1125, 99),
(1126, 9648), (1126, 18),
(1127, 18),
(1128, 16), (1128, 10759), (1128, 35), (1128, 10765),
(1129, 10759), (1129, 10765), (1129, 18),
(1130, 10767), (1130, 10763),
(1131, 18), (1131, 9648), (1131, 80),
(1132, 10767), (1132, 10764),
(1133, 18), (1133, 80),
(1134, 10759), (1134, 18), (1134, 10768),
(1135, 10767),
(1136, 10767), (1136, 35),
(1137, 18), (1137, 10759), (1137, 80), (1137, 10765),
(1138, 10764),
(1139, 35),
(1140, 16), (1140, 10759), (1140, 10765), (1140, 18),
(1141, 16), (1141, 10759), (1141, 10765), (1141, 18),
(1142, 10764),
(1143, 10759), (1143, 16), (1143, 10765),
(1144, 18), (1144, 10759), (1144, 9648),
(1145, 18), (1145, 80), (1145, 9648),
(1146, 10759), (1146, 16), (1146, 10762),
(1147, 10763), (1147, 10764), (1147, 10767),
(1148, 10766),
(1149, 9648), (1149, 10759), (1149, 18),
(1150, 10766),
(1151, 18), (1151, 35),
(1152, 35),
(1153, 16), (1153, 10759), (1153, 10765),
(1154, 18),
(1155, 10759), (1155, 18),
(1156, 35),
(1157, 16), (1157, 10762),
(1158, 35), (1158, 10767),
(1159, 18),
(1160, 80), (1160, 10759), (1160, 18),
(1161, 80), (1161, 18),
(1162, 35), (1162, 99), (1162, 16), (1162, 10751),
(1163, 10762), (1163, 10751),
(1164, 10759), (1164, 18), (1164, 10768),
(1165, 10751), (1165, 35),
(1166, 35), (1166, 10751), (1166, 18),
(1167, 35),
(1168, 18), (1168, 80),
(1169, 80), (1169, 18), (1169, 9648),
(1170, 80), (1170, 18), (1170, 9648),
(1171, 35), (1171, 10759), (1171, 16),
(1172, 35), (1172, 18), (1172, 10751),
(1173, 16), (1173, 10759), (1173, 10765),
(1174, 0),
(1175, 10765), (1175, 18), (1175, 9648),
(1176, 80), (1176, 18), (1176, 9648),
(1177, 10764),
(1178, 80), (1178, 18),
(1179, 35),
(1180, 80), (1180, 18), (1180, 10759),
(1181, 18),
(1182, 16), (1182, 10762), (1182, 35), (1182, 10765), (1182, 10759),
(1183, 16), (1183, 10765),
(1184, 18),
(1185, 35), (1185, 10759), (1185, 16), (1185, 10765),
(1186, 18), (1186, 80), (1186, 10759),
(1187, 10765), (1187, 9648), (1187, 18),
(1188, 10767),
(1189, 18), (1189, 80),
(1190, 10766),
(1191, 35), (1191, 10763),
(1192, 80), (1192, 18), (1192, 10759),
(1193, 80), (1193, 18), (1193, 9648),
(1194, 80), (1194, 18),
(1195, 10765), (1195, 9648),
(1196, 10763), (1196, 35),
(1197, 10767),
(1198, 10765), (1198, 18), (1198, 10759),
(1199, 10759), (1199, 10765), (1199, 18),
(1200, 18), (1200, 10765),
(1201, 10766), (1201, 18),
(1202, 10765), (1202, 10759),
(1203, 35), (1203, 10767),
(1204, 10764),
(1205, 10759), (1205, 18), (1205, 37),
(1206, 10764), (1206, 35),
(1207, 10764),
(1208, 10759), (1208, 35), (1208, 18),
(1209, 18), (1209, 10765),
(1210, 18),
(1211, 99), (1211, 10763), (1211, 10767),
(1212, 16), (1212, 35), (1212, 10751), (1212, 10762), (1212, 10765),
(1213, 16), (1213, 35),
(1214, 16), (1214, 10765), (1214, 10759),
(1215, 10764),
(1216, 18), (1216, 9648), (1216, 10765),
(1217, 16), (1217, 35),
(1218, 35), (1218, 10767),
(1219, 10759), (1219, 16), (1219, 10765),
(1220, 10764),
(1221, 16), (1221, 10762),
(1222, 10767),
(1223, 10766),
(1224, 80), (1224, 18),
(1225, 16), (1225, 10759), (1225, 10765),
(1226, 80), (1226, 9648), (1226, 10764),
(1227, 10762), (1227, 16), (1227, 35), (1227, 10751),
(1228, 35),
(1229, 10767), (1229, 10763),
(1230, 16), (1230, 10759), (1230, 10762), (1230, 35), (1230, 10765),
(1231, 16), (1231, 10765),
(1232, 0),
(1233, 35), (1233, 10767),
(1234, 10764),
(1235, 9648), (1235, 80),
(1236, 10764),
(1237, 16), (1237, 35),
(1238, 16), (1238, 10759), (1238, 10765),
(1239, 16), (1239, 35), (1239, 10759), (1239, 10765), (1239, 10751),
(1240, 10759), (1240, 18), (1240, 10765),
(1241, 9648), (1241, 18), (1241, 10765),
(1242, 10767),
(1243, 10765), (1243, 18), (1243, 35),
(1244, 99),
(1245, 10759), (1245, 16), (1245, 35), (1245, 10765), (1245, 10762), (1245, 10751),
(1246, 16), (1246, 18), (1246, 10759), (1246, 10765),
(1247, 10767), (1247, 35),
(1248, 18), (1248, 10766),
(1249, 99),
(1250, 18), (1250, 80),
(1251, 18),
(1252, 0),
(1253, 10767),
(1254, 10763),
(1255, 10764), (1255, 10767),
(1256, 18), (1256, 9648), (1256, 80),
(1257, 16), (1257, 35), (1257, 10759), (1257, 10765),
(1258, 18), (1258, 80), (1258, 10766),
(1259, 35),
(1260, 35), (1260, 10751),
(1261, 18),
(1262, 10759), (1262, 16), (1262, 35), (1262, 10765), (1262, 10762), (1262, 10751),
(1263, 10759), (1263, 16), (1263, 18), (1263, 9648),
(1264, 35),
(1265, 35),
(1266, 10759), (1266, 16), (1266, 35),
(1267, 9648), (1267, 18), (1267, 35),
(1268, 80), (1268, 18), (1268, 9648),
(1269, 18), (1269, 35),
(1270, 10766), (1270, 18),
(1271, 10766), (1271, 18),
(1272, 10764),
(1273, 35),
(1274, 18),
(1275, 18),
(1276, 18),
(1277, 0),
(1278, 16), (1278, 18),
(1279, 16), (1279, 35),
(1280, 16),
(1281, 16), (1281, 10765), (1281, 18),
(1282, 10765), (1282, 10759), (1282, 18),
(1283, 10768), (1283, 10759), (1283, 18),
(1284, 80), (1284, 99),
(1285, 10764),
(1286, 10759), (1286, 16), (1286, 35), (1286, 10765), (1286, 10762),
(1287, 35), (1287, 18),
(1288, 35),
(1289, 18), (1289, 35), (1289, 10751),
(1290, 35), (1290, 18),
(1291, 16), (1291, 35), (1291, 10765), (1291, 10762),
(1292, 16), (1292, 35), (1292, 10759), (1292, 10765),
(1293, 16), (1293, 10759), (1293, 10765),
(1294, 18), (1294, 9648),
(1295, 16), (1295, 10759), (1295, 10765),
(1296, 16), (1296, 10759),
(1297, 16), (1297, 35), (1297, 10759),
(1298, 35),
(1299, 16), (1299, 10759), (1299, 10765),
(1300, 18), (1300, 10759), (1300, 35),
(1301, 10764), (1301, 35),
(1302, 16), (1302, 10759), (1302, 10765),
(1303, 18), (1303, 10768), (1303, 80),
(1304, 10765), (1304, 9648), (1304, 35),
(1305, 18),
(1306, 80), (1306, 18),
(1307, 35), (1307, 80), (1307, 18),
(1308, 16), (1308, 35),
(1309, 80), (1309, 18),
(1310, 18),
(1311, 18),
(1312, 10765), (1312, 18), (1312, 10759),
(1313, 10759), (1313, 18), (1313, 80),
(1314, 16), (1314, 35), (1314, 10762),
(1315, 16), (1315, 35),
(1316, 10764),
(1317, 10764),
(1318, 16), (1318, 10759), (1318, 10765),
(1319, 35), (1319, 18), (1319, 10766),
(1320, 16), (1320, 10759), (1320, 10765),
(1321, 16), (1321, 10759),
(1322, 35), (1322, 10764),
(1323, 16), (1323, 18), (1323, 10759), (1323, 10765),
(1324, 18), (1324, 9648), (1324, 80),
(1325, 16), (1325, 35), (1325, 18),
(1326, 10751), (1326, 18), (1326, 35),
(1327, 0),
(1328, 10764),
(1329, 9648), (1329, 10765), (1329, 18),
(1330, 35), (1330, 18),
(1331, 35),
(1332, 16), (1332, 10759), (1332, 10765),
(1333, 10767), (1333, 35),
(1334, 16), (1334, 35), (1334, 10751),
(1335, 18),
(1336, 10759), (1336, 35), (1336, 18),
(1337, 10759), (1337, 16), (1337, 35), (1337, 10762), (1337, 10765), (1337, 10751),
(1338, 18), (1338, 80), (1338, 10765),
(1339, 10759), (1339, 80), (1339, 18),
(1340, 16), (1340, 35),
(1341, 18),
(1342, 99),
(1343, 35),
(1344, 80), (1344, 18), (1344, 9648),
(1345, 16), (1345, 35), (1345, 18), (1345, 10759),
(1346, 35),
(1347, 10759), (1347, 18),
(1348, 18), (1348, 10765),
(1349, 16), (1349, 10759), (1349, 10762), (1349, 10751),
(1350, 16), (1350, 35), (1350, 18), (1350, 9648),
(1351, 35), (1351, 18), (1351, 10766),
(1352, 16), (1352, 35), (1352, 10765),
(1353, 10767),
(1354, 10766), (1354, 18),
(1355, 35),
(1356, 10767), (1356, 10764),
(1357, 10764),
(1358, 18), (1358, 35), (1358, 10751),
(1359, 0),
(1360, 10764),
(1361, 10751), (1361, 35), (1361, 18),
(1362, 80), (1362, 18),
(1363, 80), (1363, 10759), (1363, 18),
(1364, 10764),
(1365, 10762), (1365, 16), (1365, 10765), (1365, 10759), (1365, 9648),
(1366, 18), (1366, 9648), (1366, 10765),
(1367, 10767),
(1368, 10765), (1368, 10759), (1368, 18),
(1369, 10762), (1369, 16),
(1370, 99),
(1371, 10765), (1371, 10759), (1371, 18),
(1372, 10765), (1372, 10759), (1372, 9648),
(1373, 35), (1373, 10751),
(1374, 80), (1374, 18), (1374, 9648),
(1375, 16), (1375, 18), (1375, 9648),
(1376, 10764), (1376, 35),
(1377, 10759), (1377, 18), (1377, 80), (1377, 9648),
(1378, 10762), (1378, 16), (1378, 35),
(1379, 10764),
(1380, 80), (1380, 18), (1380, 9648),
(1381, 16), (1381, 35),
(1382, 35), (1382, 80),
(1383, 10764), (1383, 35),
(1384, 9648), (1384, 10765),
(1385, 80), (1385, 9648), (1385, 18),
(1386, 35), (1386, 18),
(1387, 10764),
(1388, 16), (1388, 35),
(1389, 16), (1389, 35), (1389, 10762),
(1390, 99), (1390, 35), (1390, 10764),
(1391, 35), (1391, 10751),
(1392, 16), (1392, 10759), (1392, 10765),
(1393, 35), (1393, 18), (1393, 10751), (1393, 10766),
(1394, 10759), (1394, 18),
(1395, 18),
(1396, 18), (1396, 10766),
(1397, 16), (1397, 10759), (1397, 10765),
(1398, 80),
(1399, 10765), (1399, 18),
(1400, 18),
(1401, 16), (1401, 9648), (1401, 10765), (1401, 10762),
(1402, 18), (1402, 80),
(1403, 80), (1403, 18), (1403, 9648),
(1404, 35),
(1405, 10759), (1405, 80), (1405, 18),
(1406, 10767),
(1407, 18), (1407, 35), (1407, 10766),
(1408, 35), (1408, 18), (1408, 9648), (1408, 10765),
(1409, 16), (1409, 35),
(1410, 18), (1410, 10768), (1410, 10759),
(1411, 10759), (1411, 9648), (1411, 18),
(1412, 18), (1412, 35),
(1413, 35), (1413, 10767),
(1414, 35), (1414, 10764),
(1415, 35),
(1416, 10764), (1416, 35),
(1417, 18),
(1418, 16), (1418, 10751), (1418, 10765), (1418, 35),
(1419, 35), (1419, 10751),
(1420, 16), (1420, 35), (1420, 10759), (1420, 10765),
(1421, 10759), (1421, 18), (1421, 10768),
(1422, 10759), (1422, 18), (1422, 9648),
(1423, 99),
(1424, 10765), (1424, 18), (1424, 9648),
(1425, 18), (1425, 10765), (1425, 10759),
(1426, 10765), (1426, 10759), (1426, 18), (1426, 9648),
(1427, 16), (1427, 10759), (1427, 10762),
(1428, 35),
(1429, 35), (1429, 18),
(1430, 10765), (1430, 35),
(1431, 16), (1431, 9648), (1431, 10759), (1431, 10762), (1431, 10765), (1431, 35), (1431, 10751),
(1432, 80), (1432, 18), (1432, 10759),
(1433, 18), (1433, 80),
(1434, 16), (1434, 10759), (1434, 10765),
(1435, 10764),
(1436, 10767),
(1437, 16), (1437, 10751), (1437, 35), (1437, 10762),
(1438, 18),
(1439, 16), (1439, 10759), (1439, 18), (1439, 10765),
(1440, 10751), (1440, 10764),
(1441, 10751), (1441, 10764),
(1442, 16),
(1443, 16), (1443, 10762),
(1444, 80), (1444, 18),
(1445, 35), (1445, 10751),
(1446, 16), (1446, 9648), (1446, 35), (1446, 10762),
(1447, 16), (1447, 35), (1447, 10759),
(1448, 10765), (1448, 10759),
(1449, 35),
(1450, 35), (1450, 10767),
(1451, 35), (1451, 80), (1451, 18),
(1452, 18),
(1453, 16), (1453, 18), (1453, 10765), (1453, 10759),
(1454, 10759), (1454, 16), (1454, 35), (1454, 10762),
(1455, 10766),
(1456, 16), (1456, 35), (1456, 10765),
(1457, 10764),
(1458, 18),
(1459, 0),
(1460, 16), (1460, 35),
(1461, 18), (1461, 16), (1461, 10759), (1461, 80),
(1462, 10762), (1462, 35),
(1463, 18),
(1464, 80), (1464, 18),
(1465, 10759), (1465, 16), (1465, 10765), (1465, 18),
(1466, 10759), (1466, 80), (1466, 18), (1466, 9648),
(1467, 35), (1467, 10763),
(1468, 10759), (1468, 16), (1468, 35), (1468, 10765), (1468, 10751),
(1469, 35), (1469, 18), (1469, 10751),
(1470, 10764),
(1471, 16), (1471, 10759),
(1472, 10767),
(1473, 9648), (1473, 10759), (1473, 35), (1473, 18),
(1474, 10766), (1474, 18),
(1475, 10759), (1475, 10764), (1475, 35),
(1476, 16), (1476, 35), (1476, 9648), (1476, 10765), (1476, 10762),
(1477, 10764), (1477, 10767),
(1478, 35),
(1479, 10767), (1479, 35),
(1480, 16), (1480, 35),
(1481, 16), (1481, 35),
(1482, 35), (1482, 18),
(1483, 10759), (1483, 16), (1483, 18), (1483, 10765),
(1484, 16),
(1485, 16), (1485, 35),
(1486, 35), (1486, 18),
(1487, 10767),
(1488, 10751), (1488, 16), (1488, 35), (1488, 10762),
(1489, 10764), (1489, 10751),
(1490, 18), (1490, 37),
(1491, 10764),
(1492, 10764),
(1493, 10759), (1493, 10765), (1493, 16),
(1494, 10764), (1494, 9648),
(1495, 80), (1495, 35), (1495, 18),
(1496, 16), (1496, 18),
(1497, 10764),
(1498, 10765), (1498, 9648),
(1499, 10764),
(1500, 18), (1500, 9648),
(1501, 10767),
(1502, 99),
(1503, 18),
(1504, 80), (1504, 18), (1504, 9648),
(1505, 16), (1505, 9648),
(1506, 10766), (1506, 18), (1506, 10751),
(1507, 18), (1507, 35), (1507, 80),
(1508, 10759), (1508, 16), (1508, 35),
(1509, 99), (1509, 10751),
(1510, 16), (1510, 35), (1510, 9648),
(1511, 16), (1511, 35), (1511, 18), (1511, 10762), (1511, 10765),
(1512, 16), (1512, 35), (1512, 10751),
(1513, 35), (1513, 99), (1513, 18),
(1514, 10767), (1514, 9648), (1514, 80),
(1515, 10764),
(1516, 18),
(1517, 16), (1517, 10765), (1517, 9648), (1517, 10759),
(1518, 10762), (1518, 16), (1518, 10751), (1518, 10765), (1518, 35),
(1519, 18), (1519, 10766),
(1520, 10764),
(1521, 18), (1521, 35),
(1522, 18),
(1523, 35), (1523, 10751), (1523, 10762),
(1524, 10767),
(1525, 18), (1525, 10759), (1525, 10765),
(1526, 18),
(1527, 10759), (1527, 18), (1527, 80),
(1528, 16), (1528, 10751), (1528, 10762), (1528, 10765), (1528, 35),
(1529, 18), (1529, 80),
(1530, 10763), (1530, 35),
(1531, 35),
(1532, 9648), (1532, 99),
(1533, 16), (1533, 10759),
(1534, 10759), (1534, 16), (1534, 10765),
(1535, 10751), (1535, 18),
(1536, 18), (1536, 10766),
(1537, 10764),
(1538, 10759), (1538, 16),
(1539, 18), (1539, 10751), (1539, 10765),
(1540, 18),
(1541, 18),
(1542, 10764),
(1543, 10759), (1543, 18),
(1544, 10751), (1544, 18),
(1545, 16), (1545, 10765), (1545, 10759), (1545, 18),
(1546, 35), (1546, 10751), (1546, 18),
(1547, 99),
(1548, 0),
(1549, 35), (1549, 10751),
(1550, 9648), (1550, 80), (1550, 18),
(1551, 80), (1551, 35), (1551, 9648),
(1552, 18), (1552, 10766),
(1553, 16), (1553, 35), (1553, 10759), (1553, 10762), (1553, 10751), (1553, 10765),
(1554, 18), (1554, 10768),
(1555, 99), (1555, 18), (1555, 80),
(1556, 10764),
(1557, 16), (1557, 10765), (1557, 10759), (1557, 35), (1557, 9648),
(1558, 10767), (1558, 35),
(1559, 10766),
(1560, 80), (1560, 18), (1560, 9648), (1560, 10765),
(1561, 18), (1561, 10759), (1561, 80),
(1562, 16), (1562, 10759),
(1563, 37), (1563, 18),
(1564, 18), (1564, 9648),
(1565, 18),
(1566, 18),
(1567, 0),
(1568, 18), (1568, 35),
(1569, 80), (1569, 18),
(1570, 10766),
(1571, 18), (1571, 35), (1571, 10766), (1571, 10751),
(1572, 16), (1572, 35), (1572, 10765), (1572, 10762),
(1573, 18), (1573, 10759), (1573, 80),
(1574, 18), (1574, 10766),
(1575, 18), (1575, 10765),
(1576, 10766),
(1577, 10759), (1577, 16), (1577, 18),
(1578, 18),
(1579, 10765), (1579, 18),
(1580, 18), (1580, 35),
(1581, 18), (1581, 10765),
(1582, 10766),
(1583, 10766), (1583, 35), (1583, 18),
(1584, 35), (1584, 18),
(1585, 10763), (1585, 10767), (1585, 35),
(1586, 16), (1586, 10759), (1586, 10765),
(1587, 10766),
(1588, 10766), (1588, 18),
(1589, 10763), (1589, 35),
(1590, 10751), (1590, 18), (1590, 80),
(1591, 16), (1591, 10765), (1591, 10759),
(1592, 80), (1592, 18),
(1593, 16), (1593, 10765), (1593, 10759), (1593, 18),
(1594, 18), (1594, 10759), (1594, 10768),
(1595, 16), (1595, 10762), (1595, 35),
(1596, 10759), (1596, 18), (1596, 10768),
(1597, 18), (1597, 10751), (1597, 10766),
(1598, 35), (1598, 80), (1598, 18), (1598, 9648),
(1599, 10766),
(1600, 10764), (1600, 9648),
(1601, 80), (1601, 18), (1601, 10766),
(1602, 18),
(1603, 16), (1603, 10759), (1603, 10765),
(1604, 10767), (1604, 35), (1604, 10763),
(1605, 35),
(1606, 80), (1606, 18), (1606, 10766),
(1607, 18),
(1608, 16), (1608, 10765), (1608, 10759), (1608, 35),
(1609, 16), (1609, 10759),
(1610, 10751), (1610, 16), (1610, 10762), (1610, 35),
(1611, 10767), (1611, 10759), (1611, 10764), (1611, 35),
(1612, 10765), (1612, 10759), (1612, 18),
(1613, 10765), (1613, 10759), (1613, 18),
(1614, 18),
(1615, 35), (1615, 10767),
(1616, 80), (1616, 18),
(1617, 16), (1617, 35), (1617, 10765), (1617, 10759),
(1618, 18),
(1619, 10767),
(1620, 10764),
(1621, 35), (1621, 18),
(1622, 10751), (1622, 18),
(1623, 10764),
(1624, 0),
(1625, 10764),
(1626, 10759), (1626, 16), (1626, 35), (1626, 10765),
(1627, 18),
(1628, 16), (1628, 18), (1628, 10759), (1628, 10765),
(1629, 16), (1629, 10759), (1629, 10765), (1629, 35), (1629, 10751), (1629, 10762),
(1630, 35), (1630, 10762),
(1631, 99),
(1632, 16), (1632, 10762), (1632, 10751), (1632, 35), (1632, 10759), (1632, 10765),
(1633, 16), (1633, 10759), (1633, 35), (1633, 10765),
(1634, 16), (1634, 35),
(1635, 80), (1635, 18), (1635, 9648),
(1636, 16), (1636, 10759),
(1637, 18),
(1638, 10762), (1638, 16), (1638, 10759), (1638, 10765),
(1639, 10764),
(1640, 16), (1640, 10759), (1640, 10765),
(1641, 10764),
(1642, 18),
(1643, 10767), (1643, 10764),
(1644, 10766),
(1645, 35), (1645, 10751),
(1646, 35), (1646, 10767),
(1647, 16), (1647, 10759), (1647, 10765), (1647, 10762),
(1648, 10764),
(1649, 18), (1649, 9648), (1649, 10765),
(1650, 18),
(1651, 80), (1651, 9648), (1651, 10765),
(1652, 18), (1652, 35),
(1653, 35), (1653, 18),
(1654, 0),
(1655, 16), (1655, 9648), (1655, 35),
(1656, 80), (1656, 9648), (1656, 10759), (1656, 18),
(1657, 35),
(1658, 9648), (1658, 10765),
(1659, 10767),
(1660, 35), (1660, 80), (1660, 18),
(1661, 16), (1661, 10762), (1661, 35), (1661, 10759), (1661, 18),
(1662, 10762), (1662, 10759), (1662, 16), (1662, 10765), (1662, 9648), (1662, 35), (1662, 10751),
(1663, 10759), (1663, 16), (1663, 10762), (1663, 10765),
(1664, 10764), (1664, 35),
(1665, 16), (1665, 10765), (1665, 10759),
(1666, 80), (1666, 18), (1666, 9648), (1666, 10765),
(1667, 16), (1667, 10765),
(1668, 16), (1668, 35),
(1669, 10759), (1669, 18), (1669, 10765),
(1670, 10762), (1670, 16),
(1671, 10759), (1671, 18),
(1672, 80), (1672, 18), (1672, 10759),
(1673, 16),
(1674, 18), (1674, 9648),
(1675, 10759), (1675, 9648), (1675, 18), (1675, 80),
(1676, 18), (1676, 35), (1676, 10765),
(1677, 10764),
(1678, 16), (1678, 35),
(1679, 18), (1679, 10759),
(1680, 10765), (1680, 18), (1680, 10751),
(1681, 10765), (1681, 18), (1681, 10751),
(1682, 18), (1682, 9648),
(1683, 16), (1683, 35), (1683, 18),
(1684, 99),
(1685, 10764),
(1686, 10764),
(1687, 35),
(1688, 10767),
(1689, 18),
(1690, 10765), (1690, 10759), (1690, 18),
(1691, 18), (1691, 35),
(1692, 16), (1692, 10759),
(1693, 10759), (1693, 35), (1693, 16),
(1694, 18),
(1695, 10765), (1695, 18), (1695, 10759),
(1696, 18), (1696, 9648),
(1697, 35), (1697, 10751),
(1698, 10759), (1698, 16),
(1699, 10764),
(1700, 35), (1700, 18), (1700, 10765),
(1701, 10759), (1701, 16), (1701, 18), (1701, 10765), (1701, 35),
(1702, 16), (1702, 10759), (1702, 10765),
(1703, 35), (1703, 10766),
(1704, 80), (1704, 18), (1704, 35),
(1705, 16), (1705, 10762),
(1706, 80), (1706, 18),
(1707, 18),
(1708, 35), (1708, 10751), (1708, 18),
(1709, 10759), (1709, 18), (1709, 10765),
(1710, 18), (1710, 10766),
(1711, 10763),
(1712, 10764),
(1713, 10767),
(1714, 10759), (1714, 16), (1714, 10765),
(1715, 35), (1715, 18), (1715, 10759),
(1716, 16), (1716, 10759), (1716, 10765),
(1717, 10766), (1717, 18),
(1718, 35),
(1719, 35),
(1720, 80), (1720, 18), (1720, 9648),
(1721, 18),
(1722, 10766),
(1723, 35),
(1724, 10765), (1724, 18), (1724, 10759), (1724, 9648),
(1725, 10765), (1725, 10759),
(1726, 16), (1726, 9648), (1726, 80), (1726, 10759),
(1727, 9648), (1727, 18), (1727, 80),
(1728, 35), (1728, 18),
(1729, 10765), (1729, 18),
(1730, 18),
(1731, 18), (1731, 80),
(1732, 16),
(1733, 35), (1733, 18),
(1734, 10767), (1734, 99),
(1735, 18),
(1736, 10765), (1736, 16), (1736, 35),
(1737, 16), (1737, 10765), (1737, 35), (1737, 10759),
(1738, 18),
(1739, 18),
(1740, 10764), (1740, 10767),
(1741, 18),
(1742, 10764), (1742, 10767),
(1743, 35), (1743, 10751), (1743, 18),
(1744, 18), (1744, 35),
(1745, 10766),
(1746, 18),
(1747, 16), (1747, 35), (1747, 10765), (1747, 10759), (1747, 10762),
(1748, 10767),
(1749, 16), (1749, 18), (1749, 10765),
(1750, 16), (1750, 10762),
(1751, 10764),
(1752, 16),
(1753, 10765), (1753, 35), (1753, 10751), (1753, 18),
(1754, 18),
(1755, 18),
(1756, 18), (1756, 35),
(1757, 10751), (1757, 18),
(1758, 35), (1758, 18),
(1759, 10751), (1759, 18), (1759, 10759),
(1760, 18), (1760, 10751),
(1761, 10767),
(1762, 16), (1762, 35),
(1763, 16), (1763, 35),
(1764, 99),
(1765, 10762), (1765, 16), (1765, 10751),
(1766, 10762), (1766, 10751), (1766, 16), (1766, 35),
(1767, 10765), (1767, 37),
(1768, 10765), (1768, 18), (1768, 9648),
(1769, 10764),
(1770, 10764),
(1771, 10759), (1771, 16), (1771, 10765),
(1772, 18), (1772, 35), (1772, 10765),
(1773, 10766), (1773, 18),
(1774, 16),
(1775, 80), (1775, 18),
(1776, 10759), (1776, 16), (1776, 35),
(1777, 18), (1777, 10751),
(1778, 35), (1778, 18),
(1779, 9648), (1779, 18), (1779, 80),
(1780, 10765), (1780, 10759), (1780, 9648),
(1781, 10765), (1781, 10759), (1781, 9648),
(1782, 10764),
(1783, 16), (1783, 9648), (1783, 10765), (1783, 35), (1783, 10762),
(1784, 10764),
(1785, 16), (1785, 35), (1785, 10751),
(1786, 35), (1786, 18),
(1787, 16), (1787, 10759), (1787, 35), (1787, 10762), (1787, 10751), (1787, 10765),
(1788, 16), (1788, 9648), (1788, 10759),
(1789, 35), (1789, 18), (1789, 16),
(1790, 80), (1790, 18), (1790, 9648),
(1791, 35),
(1792, 16), (1792, 10762),
(1793, 18),
(1794, 10767),
(1795, 10764),
(1796, 0),
(1797, 18), (1797, 10765), (1797, 10759),
(1798, 16), (1798, 35), (1798, 10751), (1798, 10762), (1798, 9648),
(1799, 18),
(1800, 18),
(1801, 16), (1801, 18), (1801, 35),
(1802, 16), (1802, 18),
(1803, 16),
(1804, 10751), (1804, 16), (1804, 35), (1804, 10762),
(1805, 16), (1805, 10751), (1805, 10762),
(1806, 80), (1806, 18), (1806, 10765), (1806, 9648),
(1807, 35), (1807, 18),
(1808, 35),
(1809, 10765), (1809, 18), (1809, 9648),
(1810, 16), (1810, 10759), (1810, 10765), (1810, 35),
(1811, 10759), (1811, 18), (1811, 10751), (1811, 80), (1811, 37),
(1812, 10759), (1812, 16), (1812, 10751), (1812, 10762),
(1813, 18),
(1814, 18),
(1815, 0),
(1816, 18),
(1817, 35), (1817, 18),
(1818, 10759), (1818, 80), (1818, 18),
(1819, 35), (1819, 18), (1819, 80),
(1820, 18), (1820, 10766),
(1821, 18), (1821, 10766),
(1822, 10759), (1822, 10765), (1822, 16),
(1823, 10765), (1823, 35), (1823, 18), (1823, 10759),
(1824, 18),
(1825, 18),
(1826, 10766), (1826, 18),
(1827, 80), (1827, 18), (1827, 9648),
(1828, 10762), (1828, 35),
(1829, 35),
(1830, 16),
(1831, 16), (1831, 35), (1831, 18), (1831, 9648), (1831, 10765),
(1832, 35),
(1833, 18),
(1834, 35),
(1835, 35),
(1836, 18), (1836, 10751),
(1837, 18), (1837, 10751), (1837, 10766),
(1838, 18),
(1839, 10768), (1839, 18), (1839, 35),
(1840, 18),
(1841, 35), (1841, 18),
(1842, 35), (1842, 10751),
(1843, 35), (1843, 10751), (1843, 10767), (1843, 10764),
(1844, 18),
(1845, 35), (1845, 10751),
(1846, 35),
(1847, 18), (1847, 9648),
(1848, 18), (1848, 9648), (1848, 10759),
(1849, 10768), (1849, 18), (1849, 10759),
(1850, 16), (1850, 35), (1850, 18),
(1851, 10759), (1851, 10765),
(1852, 35),
(1853, 18), (1853, 9648),
(1854, 35), (1854, 18), (1854, 10751),
(1855, 18),
(1856, 18),
(1857, 10759), (1857, 80), (1857, 10765),
(1858, 10767),
(1859, 18), (1859, 10751),
(1860, 10759), (1860, 10765), (1860, 18),
(1861, 18), (1861, 10765),
(1862, 10766),
(1863, 35), (1863, 10751),
(1864, 35), (1864, 18), (1864, 9648), (1864, 80),
(1865, 18), (1865, 80), (1865, 35),
(1866, 16), (1866, 10762), (1866, 35), (1866, 10751),
(1867, 35), (1867, 10767),
(1868, 80), (1868, 18),
(1869, 16), (1869, 18),
(1870, 18),
(1871, 10765), (1871, 18),
(1872, 10766), (1872, 18),
(1873, 80),
(1874, 16), (1874, 35), (1874, 10762),
(1875, 10759), (1875, 10765), (1875, 18), (1875, 10751),
(1876, 16), (1876, 10765), (1876, 35),
(1877, 18), (1877, 10751), (1877, 35),
(1878, 80), (1878, 18),
(1879, 18), (1879, 10759), (1879, 10765),
(1880, 10765), (1880, 10759), (1880, 18),
(1881, 18), (1881, 10759), (1881, 10765),
(1882, 10765), (1882, 10759), (1882, 18),
(1883, 10764),
(1884, 35),
(1885, 18), (1885, 10765), (1885, 10766),
(1886, 18), (1886, 10759), (1886, 10765),
(1887, 10767), (1887, 10763),
(1888, 35),
(1889, 35),
(1890, 18),
(1891, 10759), (1891, 18), (1891, 80),
(1892, 10765), (1892, 10759), (1892, 18),
(1893, 16), (1893, 35),
(1894, 18), (1894, 35),
(1895, 18),
(1896, 16), (1896, 35),
(1897, 16), (1897, 10759),
(1898, 18), (1898, 10768),
(1899, 18), (1899, 80),
(1900, 35), (1900, 16), (1900, 18),
(1901, 10759), (1901, 80), (1901, 18),
(1902, 10765), (1902, 10759), (1902, 18),
(1903, 18),
(1904, 35),
(1905, 0),
(1906, 18), (1906, 35),
(1907, 18),
(1908, 10759), (1908, 80), (1908, 18), (1908, 9648),
(1909, 10766), (1909, 18),
(1910, 16), (1910, 35), (1910, 80), (1910, 10751), (1910, 10759),
(1911, 18),
(1912, 18),
(1913, 10767),
(1914, 0),
(1915, 35),
(1916, 18), (1916, 10751), (1916, 10749), (1916, 35),
(1917, 10767), (1917, 10764),
(1918, 16), (1918, 35), (1918, 10765),
(1919, 35), (1919, 18),
(1920, 18), (1920, 35), (1920, 10759),
(1921, 18), (1921, 35), (1921, 10759),
(1922, 18),
(1923, 16), (1923, 35), (1923, 10765),
(1924, 80), (1924, 18), (1924, 9648),
(1925, 35),
(1926, 10766),
(1927, 35), (1927, 10751), (1927, 18),
(1928, 18), (1928, 35),
(1929, 10766),
(1930, 10759), (1930, 16), (1930, 35), (1930, 18), (1930, 10765),
(1931, 80), (1931, 10759), (1931, 18),
(1932, 18), (1932, 10751), (1932, 10766),
(1933, 18), (1933, 10766),
(1934, 35), (1934, 18), (1934, 10759), (1934, 80),
(1935, 10759), (1935, 16), (1935, 35), (1935, 10762), (1935, 10751),
(1936, 10765), (1936, 16), (1936, 10759),
(1937, 10765), (1937, 18),
(1938, 10766), (1938, 18),
(1939, 18), (1939, 35),
(1940, 35), (1940, 18),
(1941, 16), (1941, 10759), (1941, 18), (1941, 35),
(1942, 18),
(1943, 10759), (1943, 16), (1943, 35), (1943, 10765),
(1944, 80), (1944, 18),
(1945, 18),
(1946, 16), (1946, 35), (1946, 10765),
(1947, 18),
(1948, 18),
(1949, 16), (1949, 10759), (1949, 10762), (1949, 10765),
(1950, 10759), (1950, 16), (1950, 18), (1950, 10765),
(1951, 10768), (1951, 18),
(1952, 35), (1952, 10767), (1952, 10751),
(1953, 18), (1953, 80),
(1954, 35),
(1955, 10762), (1955, 16),
(1956, 18),
(1957, 18),
(1958, 10764), (1958, 10767),
(1959, 18), (1959, 35),
(1960, 18), (1960, 10765), (1960, 10768),
(1961, 18),
(1962, 16), (1962, 10762), (1962, 10759),
(1963, 10764),
(1964, 16), (1964, 10765), (1964, 35), (1964, 9648),
(1965, 18),
(1966, 10766), (1966, 18),
(1967, 16), (1967, 35), (1967, 10751),
(1968, 18),
(1969, 18),
(1970, 16), (1970, 18),
(1971, 10765),
(1972, 16), (1972, 35), (1972, 18), (1972, 10751), (1972, 10762), (1972, 10765),
(1973, 18),
(1974, 10764), (1974, 35), (1974, 10767),
(1975, 16), (1975, 10765), (1975, 18), (1975, 10759), (1975, 35), (1975, 10762),
(1976, 35),
(1977, 18), (1977, 10751), (1977, 35),
(1978, 10759), (1978, 10765), (1978, 18),
(1979, 35),
(1980, 16), (1980, 35), (1980, 10762), (1980, 10751),
(1981, 16), (1981, 35), (1981, 10762), (1981, 10751),
(1982, 16), (1982, 35), (1982, 18),
(1983, 18), (1983, 80), (1983, 10766),
(1984, 16), (1984, 10751), (1984, 10762), (1984, 35),
(1985, 10751), (1985, 16), (1985, 35), (1985, 10762),
(1986, 10759), (1986, 18), (1986, 80),
(1987, 10768), (1987, 18), (1987, 10759),
(1988, 18), (1988, 10765), (1988, 10759),
(1989, 0),
(1990, 16), (1990, 10759), (1990, 10765), (1990, 35), (1990, 10762),
(1991, 10759), (1991, 18),
(1992, 18), (1992, 10765),
(1993, 10759), (1993, 16), (1993, 18), (1993, 80),
(1994, 16),
(1995, 10767), (1995, 10762),
(1996, 18), (1996, 80),
(1997, 16), (1997, 18), (1997, 9648), (1997, 10765),
(1998, 16), (1998, 10759),
(1999, 35),
(2000, 10765), (2000, 35), (2000, 10751);

SELECT * FROM GENEROS_PELICULAS_SERIES;